1 1000 1 3.58e-03 16  3 0.00e+00 6.80e-03 104 16 2.74e-07 6.26e-03 88 29 8.70e-07
1 1000 2 6.91e-04 16  3 0.00e+00 4.27e-03 109 17 5.03e-07 3.82e-03 82 27 8.75e-07
1 1000 3 7.36e-04 16  3 0.00e+00 4.31e-03 101 15 2.63e-07 4.38e-03 83 27 7.88e-07
1 1000 4 8.08e-04 18  3 0.00e+00 4.09e-03 100 15 4.21e-07 3.81e-03 80 26 7.94e-07
1 1000 5 6.32e-04 15  2 0.00e+00 3.57e-03 99 15 5.54e-07 3.57e-03 84 28 8.80e-07
1 1000 6 6.73e-04 16  3 0.00e+00 4.10e-03 117 18 5.48e-07 3.49e-03 83 27 8.29e-07
1 1000 7 6.73e-04 16  3 0.00e+00 3.25e-03 90 14 5.10e-07 3.49e-03 84 28 8.35e-07
1 5000 1 1.81e-03 16  3 0.00e+00 1.10e-02 118 17 2.99e-07 8.79e-03 81 27 8.03e-07
1 5000 2 1.73e-03 18  3 0.00e+00 1.02e-02 113 17 2.03e-07 8.24e-03 78 26 8.32e-07
1 5000 3 1.74e-03 18  3 0.00e+00 9.44e-03 111 16 4.11e-07 8.15e-03 79 26 8.15e-07
1 5000 4 1.73e-03 18  3 0.00e+00 9.04e-03 107 16 4.98e-07 8.18e-03 79 26 8.87e-07
1 5000 5 1.63e-03 17  3 0.00e+00 1.01e-02 120 18 3.72e-07 7.98e-03 77 25 8.46e-07
1 5000 6 1.70e-03 18  3 0.00e+00 1.12e-02 132 20 3.60e-07 8.10e-03 78 26 8.58e-07
1 5000 7 1.69e-03 18  3 0.00e+00 9.03e-03 107 16 3.21e-07 8.28e-03 79 26 7.84e-07
1 10000 1 3.81e-03 18  3 0.00e+00 2.82e-02 140 21 3.27e-07 2.06e-02 81 27 8.23e-07
1 10000 2 3.82e-03 18  3 0.00e+00 2.63e-02 131 19 3.50e-07 1.88e-02 75 25 8.07e-07
1 10000 3 3.92e-03 18  3 0.00e+00 2.30e-02 113 17 3.82e-07 2.08e-02 81 27 8.14e-07
1 10000 4 4.30e-03 18  3 0.00e+00 2.88e-02 130 19 5.75e-07 2.08e-02 77 25 8.27e-07
1 10000 5 3.93e-03 18  3 0.00e+00 2.37e-02 112 17 5.08e-07 2.11e-02 81 27 8.30e-07
1 10000 6 3.76e-03 18  3 0.00e+00 1.84e-02 91 14 4.98e-07 1.96e-02 79 26 7.85e-07
1 10000 7 3.76e-03 18  3 0.00e+00 2.38e-02 119 18 4.41e-07 2.02e-02 78 26 7.83e-07
1 50000 1 1.76e-02 18  3 0.00e+00 1.23e-01 135 20 5.80e-07 9.01e-02 80 26 8.02e-07
1 50000 2 1.78e-02 18  3 0.00e+00 1.32e-01 135 20 4.45e-07 8.71e-02 73 24 7.71e-07
1 50000 3 1.76e-02 18  3 0.00e+00 1.20e-01 127 19 3.52e-07 9.04e-02 79 26 8.06e-07
1 50000 4 1.83e-02 18  3 0.00e+00 1.12e-01 116 17 2.50e-07 8.77e-02 76 25 7.55e-07
1 50000 5 1.73e-02 18  3 0.00e+00 1.28e-01 140 21 3.77e-07 8.43e-02 74 24 7.73e-07
1 50000 6 1.72e-02 18  3 0.00e+00 1.42e-01 158 23 4.58e-07 8.36e-02 74 24 8.35e-07
1 50000 7 1.73e-02 18  3 0.00e+00 1.09e-01 122 18 3.92e-07 8.53e-02 76 25 7.79e-07
1 100000 1 3.12e-02 18  3 0.00e+00 2.64e-01 160 23 3.12e-07 1.59e-01 77 25 8.51e-07
1 100000 2 3.07e-02 18  3 0.00e+00 2.00e-01 120 18 3.32e-07 1.57e-01 76 25 8.02e-07
1 100000 3 3.13e-02 18  3 0.00e+00 2.46e-01 145 21 5.35e-07 1.51e-01 73 24 7.95e-07
1 100000 4 3.10e-02 18  3 0.00e+00 1.92e-01 114 17 3.67e-07 1.55e-01 74 24 7.66e-07
1 100000 5 2.87e-02 18  3 0.00e+00 1.88e-01 122 18 4.11e-07 1.43e-01 76 25 8.01e-07
1 100000 6 2.90e-02 18  3 0.00e+00 1.82e-01 117 17 3.92e-07 1.40e-01 74 24 8.32e-07
1 100000 7 2.87e-02 18  3 0.00e+00 2.43e-01 155 23 2.68e-07 1.41e-01 74 24 8.04e-07
4 1000 1 2.20e-03 70 14 0.00e+00 3.36e-03 132 19 3.12e-07 4.10e-03 130 43 8.51e-07
4 1000 2 1.81e-03 67 14 0.00e+00 4.34e-03 185 22 3.74e-07 3.87e-03 130 43 8.57e-07
4 1000 3 1.62e-03 60 12 0.00e+00 3.71e-03 158 21 4.26e-07 3.81e-03 130 43 8.53e-07
4 1000 4 1.54e-03 54 11 0.00e+00 4.82e-03 192 20 2.02e-07 3.92e-03 130 43 8.53e-07
4 1000 5 1.58e-03 62 14 0.00e+00 4.16e-03 190 22 4.43e-07 3.53e-03 130 43 8.52e-07
4 1000 6 1.77e-03 72 15 0.00e+00 3.58e-03 160 20 3.83e-07 3.55e-03 130 43 8.52e-07
4 1000 7 1.69e-03 70 15 0.00e+00 2.53e-03 111 17 4.59e-07 3.49e-03 130 43 8.49e-07
4 5000 1 7.92e-03 116 25 0.00e+00 2.60e-02 474 34 2.68e-07 1.14e-02 136 45 8.85e-07
4 5000 2 7.84e-03 114 25 0.00e+00 2.53e-02 464 34 3.18e-07 1.13e-02 136 45 8.86e-07
4 5000 3 8.19e-03 120 26 0.00e+00 2.80e-02 521 34 2.42e-07 1.13e-02 136 45 8.84e-07
4 5000 4 7.83e-03 108 23 0.00e+00 2.08e-02 359 28 3.41e-07 1.20e-02 136 45 8.83e-07
4 5000 5 7.07e-03 99 20 0.00e+00 3.38e-02 602 38 1.45e-07 1.19e-02 136 45 8.84e-07
4 5000 6 7.50e-03 108 24 0.00e+00 2.19e-02 387 31 3.62e-07 1.15e-02 136 45 8.84e-07
4 5000 7 7.78e-03 112 25 0.00e+00 2.18e-02 388 30 3.44e-07 1.15e-02 136 45 8.83e-07
4 10000 1 1.81e-02 132 28 0.00e+00 5.64e-02 567 38 3.36e-07 2.31e-02 139 46 8.50e-07
4 10000 2 1.97e-02 141 30 0.00e+00 6.79e-02 685 43 3.80e-07 2.35e-02 139 46 8.47e-07
4 10000 3 1.81e-02 130 28 0.00e+00 6.45e-02 649 42 2.40e-07 2.33e-02 139 46 8.49e-07
4 10000 4 1.77e-02 126 27 0.00e+00 5.96e-02 604 38 2.85e-07 2.34e-02 139 46 8.48e-07
4 10000 5 1.87e-02 130 29 0.00e+00 6.17e-02 620 40 2.20e-07 2.35e-02 139 46 8.49e-07
4 10000 6 1.83e-02 129 28 0.00e+00 8.27e-02 845 50 4.12e-07 2.36e-02 139 46 8.49e-07
4 10000 7 1.93e-02 130 30 0.00e+00 7.97e-02 793 46 2.20e-07 2.39e-02 139 46 8.50e-07
4 50000 1 7.05e-02 193 42 0.00e+00 5.13e-01 2049 95 2.00e-07 6.48e-02 145 48 8.78e-07
4 50000 2 6.17e-02 175 41 0.00e+00 4.50e-01 1870 90 1.10e-07 6.17e-02 145 48 8.77e-07
4 50000 3 6.56e-02 184 43 0.00e+00 4.66e-01 1910 90 2.56e-07 6.29e-02 145 48 8.78e-07
4 50000 4 7.03e-02 191 43 0.00e+00 4.66e-01 1790 86 1.94e-07 6.50e-02 145 48 8.77e-07
4 50000 5 6.22e-02 182 41 0.00e+00 3.84e-01 1598 78 1.90e-07 6.15e-02 145 48 8.79e-07
4 50000 6 6.37e-02 190 42 0.00e+00 4.74e-01 1991 94 3.10e-07 6.02e-02 145 48 8.79e-07
4 50000 7 5.74e-02 168 38 0.00e+00 3.91e-01 1617 80 2.21e-07 6.07e-02 145 48 8.79e-07
4 100000 1 1.04e-01 230 52 0.00e+00 8.80e-01 2804 120 4.42e-07 8.14e-02 148 49 8.44e-07
4 100000 2 1.02e-01 226 53 0.00e+00 8.89e-01 2797 122 2.48e-07 8.13e-02 148 49 8.44e-07
4 100000 3 1.03e-01 234 52 0.00e+00 8.52e-01 2750 119 3.13e-07 7.94e-02 148 49 8.45e-07
4 100000 4 8.82e-02 194 46 0.00e+00 7.14e-01 2323 102 2.45e-07 7.94e-02 148 49 8.45e-07
4 100000 5 1.02e-01 233 51 0.00e+00 8.59e-01 2800 123 2.32e-07 7.95e-02 148 49 8.44e-07
4 100000 6 1.03e-01 230 52 0.00e+00 8.05e-01 2601 115 3.86e-07 7.99e-02 148 49 8.45e-07
4 100000 7 9.48e-02 214 49 0.00e+00 9.80e-01 3175 137 7.06e-08 8.00e-02 148 49 8.44e-07
5 1000 1 5.61e-03 141 35 5.14e-07 1.58e-02 574 52 6.25e-07 5.75e-03 156 52 8.39e-07
5 1000 2 4.49e-03 143 36 4.56e-07 1.71e-02 674 56 5.22e-07 5.18e-03 154 51 8.49e-07
5 1000 3 4.72e-03 150 37 4.68e-07 1.48e-02 581 52 4.65e-07 5.24e-03 155 52 8.20e-07
5 1000 4 4.49e-03 142 36 5.42e-07 1.31e-02 505 47 5.45e-07 5.25e-03 154 52 8.10e-07
5 1000 5 4.67e-03 148 37 5.64e-07 1.42e-02 552 50 5.85e-07 5.24e-03 155 52 8.24e-07
5 1000 6 4.98e-03 160 39 3.94e-07 1.52e-02 597 54 4.57e-07 5.22e-03 155 52 7.99e-07
5 1000 7 4.53e-03 143 36 5.04e-07 1.53e-02 604 53 5.29e-07 5.22e-03 155 52 7.93e-07
5 5000 1 1.80e-02 192 50 4.60e-07 9.72e-02 1427 92 5.06e-07 1.78e-02 170 57 8.09e-07
5 5000 2 1.89e-02 207 52 5.35e-07 9.05e-02 1340 87 5.97e-07 1.75e-02 168 56 8.40e-07
5 5000 3 1.89e-02 212 51 4.69e-07 9.86e-02 1472 94 7.56e-07 1.75e-02 170 56 8.34e-07
5 5000 4 1.96e-02 217 53 5.14e-07 9.38e-02 1390 89 5.00e-07 1.74e-02 169 56 8.41e-07
5 5000 5 1.95e-02 213 53 3.71e-07 9.91e-02 1478 91 5.08e-07 1.78e-02 169 56 8.64e-07
5 5000 6 1.75e-02 190 48 5.59e-07 9.86e-02 1448 94 6.76e-07 1.77e-02 169 56 7.96e-07
5 5000 7 1.78e-02 194 50 3.89e-07 1.03e-01 1544 95 4.35e-07 1.75e-02 170 56 7.93e-07
5 10000 1 4.44e-02 240 58 5.63e-07 2.30e-01 1792 107 4.91e-07 3.60e-02 176 58 8.03e-07
5 10000 2 4.70e-02 254 60 4.54e-07 2.47e-01 1905 112 3.66e-07 3.63e-02 176 58 7.92e-07
5 10000 3 4.36e-02 236 58 5.24e-07 2.71e-01 2137 120 4.65e-07 3.56e-02 175 58 7.85e-07
5 10000 4 4.36e-02 234 58 4.08e-07 2.58e-01 1992 116 4.37e-07 3.63e-02 174 58 8.46e-07
5 10000 5 4.63e-02 248 58 4.30e-07 2.61e-01 2037 116 5.33e-07 3.61e-02 176 58 8.40e-07
5 10000 6 4.71e-02 258 62 4.50e-07 2.79e-01 2221 126 6.89e-07 3.53e-02 175 58 9.09e-07
5 10000 7 4.11e-02 218 56 5.46e-07 2.55e-01 2005 116 6.40e-07 3.56e-02 174 58 8.23e-07
5 50000 1 2.27e-01 390 88 4.42e-07 1.68e+00 3948 186 4.90e-07 1.22e-01 189 63 8.45e-07
5 50000 2 1.89e-01 323 78 5.63e-07 1.70e+00 4097 193 5.63e-07 1.23e-01 189 63 8.04e-07
5 50000 3 2.13e-01 365 85 4.12e-07 1.73e+00 4099 191 6.36e-07 1.21e-01 189 63 8.59e-07
5 50000 4 2.07e-01 351 82 6.41e-07 1.83e+00 4258 201 4.57e-07 1.25e-01 188 63 8.41e-07
5 50000 5 2.25e-01 379 87 4.79e-07 1.94e+00 4532 209 4.98e-07 1.23e-01 188 63 8.20e-07
5 50000 6 1.99e-01 342 83 5.14e-07 1.61e+00 3902 183 4.28e-07 1.17e-01 189 63 8.10e-07
5 50000 7 2.14e-01 368 84 4.64e-07 1.75e+00 4189 196 5.20e-07 1.22e-01 189 63 8.53e-07
5 100000 1 3.94e-01 422 100 4.57e-07 3.73e+00 5428 236 3.79e-07 1.91e-01 194 65 8.29e-07
5 100000 2 3.92e-01 432 99 3.98e-07 3.69e+00 5490 243 5.66e-07 1.95e-01 195 65 8.34e-07
5 100000 3 3.90e-01 422 97 4.54e-07 3.64e+00 5354 234 5.25e-07 2.00e-01 195 65 7.98e-07
5 100000 4 3.74e-01 410 98 4.68e-07 3.34e+00 4943 221 4.72e-07 1.91e-01 194 65 7.89e-07
5 100000 5 3.92e-01 423 100 4.36e-07 3.51e+00 5190 234 4.68e-07 1.99e-01 194 65 8.68e-07
5 100000 6 3.90e-01 423 97 6.08e-07 3.67e+00 5409 238 5.81e-07 1.99e-01 195 65 8.06e-07
5 100000 7 4.01e-01 439 102 4.27e-07 3.43e+00 5053 227 4.52e-07 1.95e-01 196 65 7.82e-07
10 1000 1 2.96e-03 60 15 5.26e-07 2.35e-03 52 16 3.85e-07 5.32e-03 123 41 9.69e-07
10 1000 2 2.34e-03 62 15 5.98e-07 2.09e-03 51 16 5.96e-07 4.89e-03 123 41 9.71e-07
10 1000 3 2.07e-03 60 15 4.75e-07 1.76e-03 46 15 6.33e-07 4.51e-03 123 41 9.74e-07
10 1000 4 1.60e-03 58 14 5.02e-07 1.45e-03 49 16 6.79e-07 3.63e-03 123 41 9.74e-07
10 1000 5 1.62e-03 61 15 4.94e-07 1.28e-03 42 14 4.54e-07 3.55e-03 123 41 9.73e-07
10 1000 6 1.61e-03 59 14 5.52e-07 1.27e-03 42 14 6.94e-07 3.62e-03 123 41 9.72e-07
10 1000 7 1.61e-03 58 14 4.95e-07 1.36e-03 44 14 6.78e-07 3.65e-03 123 41 9.70e-07
10 5000 1 NaN NaN NaN NaN 5.45e-03 50 16 5.14e-07 1.29e-02 130 43 9.33e-07
10 5000 2 5.69e-03 61 15 5.44e-07 5.09e-03 46 15 4.22e-07 1.32e-02 130 43 9.33e-07
10 5000 3 5.63e-03 61 15 4.65e-07 5.63e-03 53 17 5.49e-07 1.30e-02 129 43 9.64e-07
10 5000 4 5.47e-03 61 15 4.17e-07 5.20e-03 50 16 5.79e-07 1.29e-02 130 43 9.32e-07
10 5000 5 5.51e-03 63 16 4.00e-07 4.62e-03 46 15 4.82e-07 1.26e-02 130 43 9.32e-07
10 5000 6 5.70e-03 61 15 5.18e-07 4.73e-03 42 14 5.88e-07 1.30e-02 129 43 9.64e-07
10 5000 7 5.64e-03 61 15 5.00e-07 5.41e-03 49 16 5.42e-07 1.30e-02 129 43 9.96e-07
10 10000 1 NaN NaN NaN NaN 1.18e-02 55 17 6.72e-07 2.66e-02 132 44 9.56e-07
10 10000 2 1.18e-02 66 16 6.28e-07 1.10e-02 52 16 4.04e-07 2.61e-02 132 44 9.56e-07
10 10000 3 1.13e-02 63 16 5.60e-07 9.69e-03 46 15 5.21e-07 2.61e-02 132 44 9.57e-07
10 10000 4 1.17e-02 64 16 5.42e-07 1.10e-02 51 16 5.49e-07 2.66e-02 132 44 9.57e-07
10 10000 5 1.17e-02 64 16 5.16e-07 1.10e-02 52 16 4.84e-07 2.63e-02 132 44 9.57e-07
10 10000 6 1.14e-02 63 16 5.48e-07 1.01e-02 47 15 4.89e-07 2.63e-02 132 44 9.57e-07
10 10000 7 1.17e-02 64 16 5.82e-07 1.05e-02 48 16 4.14e-07 2.69e-02 132 44 9.57e-07
10 50000 1 2.98e-02 65 16 4.81e-07 2.71e-02 51 16 6.36e-07 6.90e-02 138 46 9.87e-07
10 50000 2 3.11e-02 65 16 4.16e-07 2.75e-02 49 16 6.91e-07 7.18e-02 138 46 9.87e-07
10 50000 3 3.08e-02 65 16 4.28e-07 3.05e-02 55 18 5.24e-07 7.22e-02 138 46 9.88e-07
10 50000 4 3.03e-02 65 16 3.90e-07 2.75e-02 51 16 6.26e-07 6.94e-02 138 46 9.87e-07
10 50000 5 2.98e-02 65 16 4.49e-07 2.66e-02 49 16 7.22e-07 6.95e-02 138 46 9.87e-07
10 50000 6 3.01e-02 65 16 3.97e-07 2.78e-02 51 16 5.51e-07 7.04e-02 138 46 9.86e-07
10 50000 7 3.00e-02 65 16 3.96e-07 2.76e-02 51 16 4.43e-07 6.91e-02 138 46 9.87e-07
10 100000 1 4.41e-02 65 16 6.25e-07 3.82e-02 52 17 6.73e-07 9.86e-02 141 47 9.48e-07
10 100000 2 4.29e-02 65 16 5.71e-07 3.72e-02 51 16 5.82e-07 9.70e-02 141 47 9.49e-07
10 100000 3 4.30e-02 65 16 5.66e-07 4.07e-02 56 18 4.01e-07 9.78e-02 141 47 9.48e-07
10 100000 4 4.39e-02 65 16 5.42e-07 3.89e-02 52 17 3.96e-07 9.99e-02 141 47 9.48e-07
10 100000 5 4.49e-02 65 16 5.86e-07 3.96e-02 53 17 5.69e-07 1.01e-01 141 47 9.49e-07
10 100000 6 4.56e-02 65 16 6.08e-07 4.10e-02 55 17 6.00e-07 1.02e-01 141 47 9.48e-07
10 100000 7 4.43e-02 65 16 5.46e-07 3.87e-02 53 17 5.75e-07 9.99e-02 141 47 9.49e-07
13 1000 1 2.57e-03 71 20 0.00e+00 2.02e-02 708 32 1.81e-07 1.07e-02 372 93 9.21e-07
13 1000 2 1.78e-03 65 16 0.00e+00 1.80e-02 566 29 6.08e-08 1.02e-02 371 93 9.54e-07
13 1000 3 1.78e-03 63 16 0.00e+00 2.44e-02 953 40 1.20e-07 1.03e-02 371 93 9.54e-07
13 1000 4 2.10e-03 71 21 0.00e+00 1.64e-02 570 26 1.05e-07 1.02e-02 371 93 9.61e-07
13 1000 5 1.67e-03 61 15 0.00e+00 4.00e-02 1559 44 8.22e-08 1.01e-02 371 93 9.35e-07
13 1000 6 1.83e-03 66 16 0.00e+00 1.79e-02 568 26 4.17e-08 1.01e-02 372 93 9.30e-07
13 1000 7 1.86e-03 67 17 0.00e+00 2.00e-02 756 28 5.86e-08 1.01e-02 372 93 9.18e-07
13 5000 1 6.72e-03 82 22 0.00e+00 4.73e-02 412 18 0.00e+00 3.27e-02 391 98 8.98e-07
13 5000 2 7.20e-03 92 24 7.31e+02 NaN NaN NaN NaN 3.20e-02 391 98 9.01e-07
13 5000 3 7.49e-03 96 24 0.00e+00 5.59e-02 775 25 0.00e+00 3.22e-02 391 98 9.04e-07
13 5000 4 NaN NaN NaN NaN 4.83e-02 447 19 0.00e+00 3.24e-02 391 98 9.09e-07
13 5000 5 6.52e-03 83 22 0.00e+00 1.02e-01 1643 39 1.32e-08 3.19e-02 391 98 8.95e-07
13 5000 6 6.83e-03 85 23 0.00e+00 5.69e-02 728 32 4.98e-09 3.22e-02 391 98 9.06e-07
13 5000 7 6.73e-03 81 22 0.00e+00 NaN NaN NaN NaN 3.33e-02 391 98 9.14e-07
13 10000 1 1.66e-02 100 27 0.00e+00 8.32e-02 534 22 0.00e+00 6.39e-02 399 100 9.00e-07
13 10000 2 1.57e-02 98 25 0.00e+00 8.29e-02 574 24 0.00e+00 6.29e-02 399 100 9.01e-07
13 10000 3 1.64e-02 100 27 0.00e+00 1.35e-01 1091 37 0.00e+00 6.21e-02 399 100 8.95e-07
13 10000 4 1.61e-02 97 26 0.00e+00 9.76e-02 655 26 0.00e+00 6.32e-02 399 100 9.00e-07
13 10000 5 1.70e-02 103 27 0.00e+00 9.83e-02 654 23 0.00e+00 6.36e-02 399 100 9.05e-07
13 10000 6 1.55e-02 90 24 0.00e+00 8.73e-02 546 24 4.77e-09 6.56e-02 399 100 8.98e-07
13 10000 7 1.82e-02 109 30 0.00e+00 8.52e-02 573 25 2.22e-17 6.43e-02 399 100 8.92e-07
13 50000 1 7.56e-02 175 47 0.00e+00 5.54e-01 1334 50 7.22e-08 1.89e-01 415 104 9.79e-07
13 50000 2 6.21e-02 140 40 0.00e+00 4.47e-01 1016 41 3.00e-08 1.89e-01 415 104 9.93e-07
13 50000 3 6.79e-02 159 43 0.00e+00 5.45e-01 1237 44 0.00e+00 1.89e-01 416 104 9.65e-07
13 50000 4 6.96e-02 162 45 0.00e+00 8.82e-01 2430 59 0.00e+00 1.88e-01 416 104 9.49e-07
13 50000 5 6.05e-02 138 38 0.00e+00 5.57e-01 1342 39 0.00e+00 1.88e-01 416 104 9.63e-07
13 50000 6 6.92e-02 165 43 0.00e+00 5.07e-01 1257 43 0.00e+00 1.91e-01 415 104 9.94e-07
13 50000 7 6.67e-02 156 42 0.00e+00 4.73e-01 1077 40 5.69e-08 1.90e-01 416 104 9.48e-07
13 100000 1 1.11e-01 185 51 0.00e+00 9.02e-01 1389 48 0.00e+00 2.65e-01 423 106 9.92e-07
13 100000 2 1.12e-01 188 52 0.00e+00 8.83e-01 1362 48 0.00e+00 2.69e-01 423 106 9.91e-07
13 100000 3 1.02e-01 168 48 0.00e+00 7.57e-01 1241 45 0.00e+00 2.68e-01 423 106 9.79e-07
13 100000 4 1.03e-01 169 46 0.00e+00 8.48e-01 1271 47 0.00e+00 2.73e-01 423 106 9.93e-07
13 100000 5 1.06e-01 170 48 0.00e+00 1.14e+00 2017 60 0.00e+00 2.70e-01 423 106 9.92e-07
13 100000 6 1.07e-01 172 48 0.00e+00 7.54e-01 975 36 0.00e+00 2.73e-01 423 106 9.91e-07
13 100000 7 1.03e-01 177 48 0.00e+00 7.76e-01 1211 45 0.00e+00 2.64e-01 423 106 9.91e-07
16 1000 1 1.19e-02 256 50 8.20e-07 1.84e-02 499 44 5.67e-07 1.22e-02 271 74 6.76e-07
16 1000 2 9.37e-03 249 48 8.37e-07 1.63e-02 493 43 7.21e-07 1.09e-02 269 74 7.21e-07
16 1000 3 9.48e-03 251 48 8.35e-07 1.68e-02 510 44 6.72e-07 1.09e-02 267 73 6.50e-07
16 1000 4 9.78e-03 259 50 7.65e-07 1.68e-02 509 44 6.73e-07 1.14e-02 281 76 5.78e-07
16 1000 5 1.02e-02 251 48 8.16e-07 1.74e-02 492 43 6.65e-07 1.15e-02 264 73 5.33e-07
16 1000 6 9.62e-03 252 48 8.04e-07 1.68e-02 507 44 6.34e-07 1.07e-02 266 74 7.20e-07
16 1000 7 1.05e-02 255 49 7.83e-07 1.80e-02 506 44 7.04e-07 1.15e-02 267 73 6.32e-07
16 5000 1 2.55e-02 264 51 7.78e-07 4.39e-02 519 45 6.56e-07 4.07e-02 363 105 4.57e-07
16 5000 2 2.61e-02 261 50 7.84e-07 4.66e-02 527 46 4.95e-07 4.13e-02 350 102 5.73e-07
16 5000 3 2.70e-02 264 51 8.03e-07 4.44e-02 511 45 6.90e-07 3.98e-02 352 103 7.02e-07
16 5000 4 2.49e-02 262 50 7.82e-07 4.25e-02 508 44 6.57e-07 3.89e-02 349 102 5.65e-07
16 5000 5 2.50e-02 264 51 7.73e-07 4.45e-02 528 46 5.23e-07 4.21e-02 374 107 6.05e-07
16 5000 6 2.57e-02 260 50 7.70e-07 4.81e-02 540 47 6.90e-07 4.32e-02 365 104 7.41e-07
16 5000 7 2.49e-02 263 51 7.98e-07 4.49e-02 536 47 7.62e-07 3.93e-02 352 102 6.74e-07
16 10000 1 7.34e-02 268 52 7.60e-07 1.21e-01 524 46 6.28e-07 1.29e-01 419 124 6.55e-07
16 10000 2 7.38e-02 266 51 7.98e-07 1.19e-01 518 45 7.47e-07 1.23e-01 405 121 6.12e-07
16 10000 3 7.14e-02 265 51 7.99e-07 1.24e-01 545 48 6.77e-07 1.28e-01 424 126 6.74e-07
16 10000 4 7.46e-02 268 52 8.30e-07 1.23e-01 535 47 6.21e-07 1.30e-01 422 125 5.20e-07
16 10000 5 7.22e-02 266 51 8.05e-07 1.15e-01 511 45 7.31e-07 1.27e-01 423 124 8.15e-07
16 10000 6 7.36e-02 268 52 7.94e-07 1.14e-01 510 44 5.95e-07 1.30e-01 431 127 6.47e-07
16 10000 7 7.39e-02 268 52 7.57e-07 1.22e-01 537 47 6.19e-07 1.30e-01 427 126 6.46e-07
16 50000 1 2.96e-01 275 53 8.53e-07 4.93e-01 527 46 6.94e-07 6.67e-01 547 165 7.26e-07
16 50000 2 3.07e-01 276 53 8.40e-07 5.23e-01 547 48 5.96e-07 6.67e-01 539 164 6.78e-07
16 50000 3 3.01e-01 276 53 8.14e-07 5.12e-01 544 47 6.30e-07 6.66e-01 550 167 6.87e-07
16 50000 4 3.00e-01 276 53 8.44e-07 4.98e-01 540 47 7.65e-07 6.47e-01 534 163 5.95e-07
16 50000 5 2.95e-01 274 53 8.64e-07 5.20e-01 555 48 6.51e-07 6.37e-01 537 163 6.22e-07
16 50000 6 2.98e-01 276 53 8.08e-07 4.98e-01 529 46 6.33e-07 6.62e-01 554 168 7.42e-07
16 50000 7 2.99e-01 275 53 8.08e-07 5.32e-01 562 49 7.35e-07 6.72e-01 557 168 8.41e-07
16 100000 1 5.08e-01 279 54 8.37e-07 8.60e-01 552 48 7.88e-07 1.21e+00 600 184 6.97e-07
16 100000 2 5.17e-01 279 54 8.36e-07 8.86e-01 550 48 6.11e-07 1.26e+00 603 184 6.76e-07
16 100000 3 5.63e-01 279 54 8.26e-07 9.50e-01 536 47 7.78e-07 1.37e+00 609 185 6.37e-07
16 100000 4 5.47e-01 279 54 8.59e-07 9.36e-01 550 48 5.88e-07 1.34e+00 606 186 6.49e-07
16 100000 5 5.41e-01 280 54 8.20e-07 9.32e-01 544 48 6.87e-07 1.28e+00 599 184 7.44e-07
16 100000 6 5.69e-01 279 54 8.31e-07 9.36e-01 540 47 6.33e-07 1.36e+00 603 184 7.42e-07
16 100000 7 5.52e-01 280 54 8.25e-07 9.36e-01 538 47 6.48e-07 1.34e+00 600 184 7.59e-07
20 1000 1 2.60e-03 83 16 4.90e-07 4.32e-03 192 22 6.76e-07 1.52e-03 54 16 8.51e-07
20 1000 2 1.97e-03 82 15 4.43e-07 4.59e-03 213 25 4.75e-07 1.47e-03 54 16 7.57e-07
20 1000 3 1.94e-03 82 15 5.46e-07 4.08e-03 192 22 6.09e-07 1.45e-03 55 17 7.75e-07
20 1000 4 1.86e-03 80 15 5.96e-07 4.71e-03 226 26 4.55e-07 1.39e-03 54 16 8.00e-07
20 1000 5 1.88e-03 82 16 4.70e-07 3.89e-03 188 22 6.20e-07 1.40e-03 54 16 7.86e-07
20 1000 6 1.87e-03 83 16 3.97e-07 3.59e-03 178 21 4.92e-07 1.38e-03 54 16 9.06e-07
20 1000 7 1.84e-03 82 16 4.69e-07 4.75e-03 236 27 7.20e-07 1.36e-03 53 16 8.11e-07
20 5000 1 5.05e-03 86 16 5.82e-07 1.07e-02 207 24 7.58e-07 4.39e-03 65 20 3.42e-07
20 5000 2 5.08e-03 86 16 3.16e-07 1.10e-02 206 24 5.02e-07 4.50e-03 65 20 3.51e-07
20 5000 3 5.12e-03 84 16 4.99e-07 1.16e-02 207 24 6.15e-07 4.77e-03 65 20 4.27e-07
20 5000 4 5.67e-03 86 16 4.62e-07 1.24e-02 206 24 5.89e-07 5.22e-03 65 20 3.89e-07
20 5000 5 5.89e-03 89 17 5.95e-07 1.26e-02 206 24 5.69e-07 5.19e-03 65 20 2.84e-07
20 5000 6 5.73e-03 87 16 3.97e-07 1.24e-02 204 24 6.53e-07 5.38e-03 67 20 3.57e-07
20 5000 7 5.56e-03 84 16 5.23e-07 1.30e-02 214 25 6.18e-07 5.28e-03 66 20 3.21e-07
20 10000 1 1.14e-02 86 16 4.29e-07 2.41e-02 216 25 4.26e-07 1.04e-02 67 20 6.71e-07
20 10000 2 1.17e-02 88 17 4.19e-07 2.31e-02 206 24 6.22e-07 9.83e-03 63 19 5.32e-07
20 10000 3 1.17e-02 89 17 4.40e-07 2.23e-02 200 23 7.09e-07 1.05e-02 69 21 5.63e-07
20 10000 4 1.18e-02 90 17 4.85e-07 2.15e-02 193 22 7.86e-07 1.07e-02 69 21 5.67e-07
20 10000 5 1.11e-02 85 16 3.93e-07 2.24e-02 200 23 6.60e-07 1.07e-02 69 21 5.81e-07
20 10000 6 1.17e-02 86 16 4.57e-07 2.53e-02 224 26 6.76e-07 1.04e-02 67 20 3.94e-07
20 10000 7 1.20e-02 90 17 3.93e-07 2.34e-02 209 24 7.24e-07 9.83e-03 64 19 6.42e-07
20 50000 1 2.94e-02 88 17 7.84e-07 6.04e-02 216 25 6.52e-07 2.39e-02 62 19 1.01e-07
20 50000 2 2.96e-02 92 17 7.33e-07 5.69e-02 215 25 6.82e-07 2.31e-02 62 19 9.66e-08
20 50000 3 2.65e-02 85 16 7.56e-07 6.13e-02 234 27 7.11e-07 2.20e-02 61 19 2.73e-07
20 50000 4 2.64e-02 87 16 6.95e-07 5.28e-02 202 23 6.35e-07 2.17e-02 61 19 2.63e-07
20 50000 5 2.73e-02 87 16 7.38e-07 5.46e-02 203 24 6.70e-07 2.27e-02 62 19 1.78e-07
20 50000 6 2.70e-02 85 16 7.60e-07 5.53e-02 203 24 7.36e-07 2.29e-02 62 19 9.63e-08
20 50000 7 2.71e-02 85 16 7.62e-07 5.64e-02 208 24 6.21e-07 2.33e-02 61 19 2.77e-07
20 100000 1 4.02e-02 90 17 2.36e-07 7.88e-02 223 26 4.97e-07 3.01e-02 62 19 1.37e-07
20 100000 2 4.18e-02 90 17 2.39e-07 8.22e-02 227 26 6.41e-07 3.07e-02 62 19 1.39e-07
20 100000 3 4.01e-02 90 17 2.40e-07 8.42e-02 232 27 6.08e-07 3.09e-02 62 19 1.38e-07
20 100000 4 3.77e-02 90 17 3.12e-07 7.05e-02 207 24 6.41e-07 2.86e-02 62 19 1.38e-07
20 100000 5 3.84e-02 90 17 2.39e-07 7.78e-02 228 26 6.84e-07 2.90e-02 62 19 1.38e-07
20 100000 6 3.83e-02 90 17 3.21e-07 8.09e-02 231 27 5.99e-07 2.93e-02 62 19 1.39e-07
20 100000 7 3.78e-02 89 17 3.83e-07 7.34e-02 208 24 5.96e-07 3.00e-02 62 19 1.37e-07
28 1000 1 4.98e-04  9  2 0.00e+00 1.42e-03 39 13 5.76e-07 3.96e-03 133 44 8.97e-07
28 1000 2 2.49e-04  9  2 0.00e+00 1.23e-03 36 13 2.87e-07 3.71e-03 133 44 8.89e-07
28 1000 3 2.39e-04  9  2 0.00e+00 1.25e-03 36 12 3.03e-07 3.57e-03 133 44 8.94e-07
28 1000 4 2.50e-04  9  2 0.00e+00 1.24e-03 39 14 3.89e-07 3.56e-03 133 44 8.93e-07
28 1000 5 2.45e-04  9  2 0.00e+00 1.22e-03 35 13 2.28e-07 3.55e-03 133 44 9.01e-07
28 1000 6 2.38e-04  9  2 0.00e+00 1.30e-03 43 15 3.13e-07 3.57e-03 133 44 8.93e-07
28 1000 7 2.54e-04 10  2 0.00e+00 1.18e-03 41 14 3.68e-07 3.53e-03 133 44 8.89e-07
28 5000 1 6.23e-04  9  2 0.00e+00 3.39e-03 39 14 3.26e-07 9.85e-03 139 46 9.26e-07
28 5000 2 6.15e-04  9  2 0.00e+00 3.46e-03 41 14 3.24e-07 9.90e-03 139 46 9.23e-07
28 5000 3 6.16e-04  9  2 0.00e+00 3.41e-03 42 14 3.30e-07 1.01e-02 139 46 9.24e-07
28 5000 4 6.22e-04  9  2 0.00e+00 3.68e-03 42 14 3.39e-07 1.00e-02 139 46 9.26e-07
28 5000 5 6.13e-04  9  2 0.00e+00 3.38e-03 39 14 3.83e-07 9.90e-03 139 46 9.26e-07
28 5000 6 6.21e-04  9  2 0.00e+00 3.48e-03 41 14 3.35e-07 1.00e-02 139 46 9.22e-07
28 5000 7 6.05e-04  9  2 0.00e+00 3.58e-03 43 14 4.10e-07 9.96e-03 139 46 9.26e-07
28 10000 1 1.39e-03  9  2 0.00e+00 8.67e-03 43 15 4.18e-07 2.47e-02 142 47 8.86e-07
28 10000 2 1.41e-03  9  2 0.00e+00 9.20e-03 44 15 3.59e-07 2.61e-02 142 47 8.90e-07
28 10000 3 1.23e-03  9  2 0.00e+00 7.37e-03 41 14 5.00e-07 2.22e-02 142 47 8.89e-07
28 10000 4 1.33e-03  9  2 0.00e+00 7.74e-03 39 14 2.72e-07 2.40e-02 142 47 8.87e-07
28 10000 5 1.30e-03  9  2 0.00e+00 8.32e-03 44 15 5.34e-07 2.31e-02 142 47 8.89e-07
28 10000 6 1.23e-03  9  2 0.00e+00 8.17e-03 45 15 2.50e-07 2.22e-02 142 47 8.91e-07
28 10000 7 1.30e-03  9  2 0.00e+00 8.32e-03 44 15 3.80e-07 2.29e-02 142 47 8.89e-07
28 50000 1 2.94e-03  9  2 0.00e+00 1.93e-02 42 15 4.01e-07 5.85e-02 148 49 9.18e-07
28 50000 2 3.03e-03  9  2 0.00e+00 2.09e-02 47 16 5.09e-07 5.85e-02 148 49 9.19e-07
28 50000 3 3.01e-03  9  2 0.00e+00 2.10e-02 46 16 2.86e-07 5.91e-02 148 49 9.19e-07
28 50000 4 3.03e-03  9  2 0.00e+00 2.10e-02 44 16 2.43e-07 5.91e-02 148 49 9.18e-07
28 50000 5 3.22e-03  9  2 0.00e+00 2.23e-02 45 15 4.79e-07 6.31e-02 148 49 9.18e-07
28 50000 6 3.38e-03  9  2 0.00e+00 2.25e-02 46 16 4.52e-07 6.36e-02 148 49 9.20e-07
28 50000 7 3.36e-03  9  2 0.00e+00 2.16e-02 45 16 4.57e-07 6.30e-02 148 49 9.19e-07
28 100000 1 4.16e-03  9  2 0.00e+00 2.68e-02 44 15 5.33e-07 7.65e-02 151 50 8.83e-07
28 100000 2 4.43e-03  9  2 0.00e+00 2.86e-02 47 16 3.87e-07 7.69e-02 151 50 8.83e-07
28 100000 3 4.25e-03  9  2 0.00e+00 3.06e-02 54 18 2.97e-07 7.70e-02 151 50 8.84e-07
28 100000 4 4.40e-03  9  2 0.00e+00 2.80e-02 47 16 4.22e-07 7.86e-02 151 50 8.84e-07
28 100000 5 4.33e-03  9  2 0.00e+00 2.67e-02 44 16 2.86e-07 7.54e-02 151 50 8.84e-07
28 100000 6 4.33e-03  9  2 0.00e+00 2.76e-02 47 16 4.56e-07 7.56e-02 151 50 8.84e-07
28 100000 7 4.39e-03  9  2 0.00e+00 2.50e-02 43 15 4.92e-07 7.54e-02 151 50 8.84e-07
6 1000 1 2.91e-03 82 19 5.25e-07 4.51e-03 156 24 7.51e-07 2.10e-03 58 19 8.66e-07
6 1000 2 2.26e-03 82 19 5.25e-07 4.16e-03 171 26 7.13e-07 1.72e-03 58 19 8.66e-07
6 1000 3 2.05e-03 82 19 5.32e-07 4.10e-03 182 28 6.57e-07 1.61e-03 58 19 8.68e-07
6 1000 4 2.04e-03 82 19 5.25e-07 3.83e-03 171 26 6.29e-07 1.60e-03 58 19 8.57e-07
6 1000 5 2.04e-03 82 19 5.24e-07 3.67e-03 166 25 5.18e-07 1.59e-03 58 19 8.57e-07
6 1000 6 2.07e-03 82 19 5.30e-07 3.47e-03 153 23 6.63e-07 1.64e-03 58 19 8.62e-07
6 1000 7 2.11e-03 82 19 5.24e-07 3.53e-03 155 24 5.32e-07 1.62e-03 58 19 8.63e-07
6 5000 1 5.52e-03 86 20 4.65e-07 9.46e-03 161 24 7.28e-07 4.47e-03 61 20 7.74e-07
6 5000 2 5.44e-03 86 20 4.64e-07 9.18e-03 157 24 6.60e-07 4.44e-03 61 20 7.78e-07
6 5000 3 5.43e-03 86 20 4.68e-07 9.50e-03 163 25 6.87e-07 4.45e-03 61 20 7.76e-07
6 5000 4 5.42e-03 86 20 4.67e-07 9.38e-03 161 24 5.83e-07 4.42e-03 61 20 7.77e-07
6 5000 5 5.47e-03 86 20 4.63e-07 9.64e-03 167 25 6.47e-07 4.44e-03 61 20 7.76e-07
6 5000 6 5.42e-03 86 20 4.67e-07 9.86e-03 171 26 4.55e-07 4.40e-03 61 20 7.73e-07
6 5000 7 5.50e-03 86 20 4.65e-07 9.18e-03 155 24 6.12e-07 4.43e-03 61 20 7.76e-07
6 10000 1 1.23e-02 86 20 6.58e-07 1.93e-02 156 24 7.44e-07 1.05e-02 64 21 4.40e-07
6 10000 2 1.20e-02 86 20 6.59e-07 1.93e-02 158 24 7.52e-07 1.03e-02 64 21 4.40e-07
6 10000 3 1.20e-02 86 20 6.55e-07 2.02e-02 165 25 6.75e-07 1.04e-02 64 21 4.40e-07
6 10000 4 1.23e-02 86 20 6.56e-07 2.06e-02 164 25 7.01e-07 1.05e-02 64 21 4.40e-07
6 10000 5 1.21e-02 86 20 6.57e-07 2.09e-02 171 26 5.91e-07 1.02e-02 64 21 4.40e-07
6 10000 6 1.23e-02 86 20 6.56e-07 2.15e-02 173 26 6.18e-07 1.06e-02 64 21 4.38e-07
6 10000 7 1.25e-02 86 20 6.57e-07 2.23e-02 178 27 7.71e-07 1.06e-02 64 21 4.39e-07
6 50000 1 3.83e-02 90 21 5.76e-07 6.27e-02 175 27 7.71e-07 3.11e-02 64 21 9.83e-07
6 50000 2 3.58e-02 90 21 5.76e-07 6.30e-02 187 28 5.24e-07 2.94e-02 64 21 9.84e-07
6 50000 3 3.58e-02 90 21 5.77e-07 6.39e-02 188 28 6.82e-07 3.01e-02 64 21 9.84e-07
6 50000 4 3.87e-02 90 21 5.76e-07 6.55e-02 183 28 6.57e-07 3.20e-02 64 21 9.82e-07
6 50000 5 3.95e-02 90 21 5.77e-07 6.33e-02 172 26 7.77e-07 3.23e-02 64 21 9.82e-07
6 50000 6 4.04e-02 90 21 5.77e-07 6.80e-02 183 28 6.85e-07 3.31e-02 64 21 9.84e-07
6 50000 7 3.86e-02 90 21 5.76e-07 6.75e-02 187 28 7.00e-07 3.20e-02 64 21 9.83e-07
6 100000 1 4.34e-02 90 21 8.16e-07 7.46e-02 194 29 7.12e-07 3.34e-02 67 22 5.58e-07
6 100000 2 4.50e-02 90 21 8.15e-07 8.27e-02 206 31 6.96e-07 3.48e-02 67 22 5.58e-07
6 100000 3 4.39e-02 90 21 8.17e-07 6.99e-02 174 26 7.24e-07 3.47e-02 67 22 5.58e-07
6 100000 4 4.43e-02 90 21 8.16e-07 7.23e-02 180 27 6.86e-07 3.44e-02 67 22 5.57e-07
6 100000 5 4.37e-02 90 21 8.16e-07 7.43e-02 189 29 7.51e-07 3.37e-02 67 22 5.57e-07
6 100000 6 4.17e-02 90 21 8.15e-07 7.43e-02 195 30 6.25e-07 3.33e-02 67 22 5.57e-07
6 100000 7 4.31e-02 90 21 8.16e-07 6.76e-02 177 27 6.84e-07 3.33e-02 67 22 5.58e-07
