28 1 32.10 3.62 2.39e+06 42.75 25.06 0.935 23.00 2.55 2.36e+06 41.56 25.18 0.934 117.30 9.02 2.31e+06 41.06 25.23 0.927
28 2 27.70 3.22 2.72e+06 25.44 27.31 0.969 29.00 3.38 2.65e+06 25.08 27.37 0.966 71.70 5.59 2.65e+06 25.00 27.38 0.967
28 3 28.90 3.71 3.08e+06 26.29 27.16 0.964 29.70 3.75 3.02e+06 26.51 27.13 0.958 71.10 6.30 3.03e+06 26.34 27.16 0.959
28 4 24.80 2.97 3.79e+06 24.70 27.44 0.958 42.40 5.04 3.71e+06 29.90 26.61 0.936 56.50 4.55 3.73e+06 26.43 27.14 0.948
19 1 37.30 0.79 5.09e+05 202.96 19.34 0.705 51.40 1.10 4.76e+05 182.80 19.79 0.716 286.70 4.53 4.61e+05 176.74 19.94 0.724
19 2 37.80 0.80 5.67e+05 89.21 22.92 0.839 58.00 1.23 5.32e+05 86.40 23.05 0.835 205.10 3.21 5.33e+05 86.20 23.06 0.836
19 3 39.40 0.86 6.25e+05 91.57 22.81 0.833 61.10 1.32 5.88e+05 90.23 22.86 0.825 170.40 2.75 5.91e+05 88.09 22.96 0.828
19 4 36.00 0.78 7.31e+05 82.46 23.25 0.842 21.90 0.46 7.28e+05 80.72 23.34 0.845 138.40 2.25 7.01e+05 89.45 22.90 0.823
21 1 27.60 1.99 1.78e+06 75.76 23.82 0.824 26.00 1.86 1.76e+06 74.49 23.89 0.829 79.30 4.03 1.75e+06 73.76 23.94 0.832
21 2 23.40 1.71 2.12e+06 50.48 25.59 0.918 31.00 2.27 2.00e+06 47.23 25.87 0.932 97.00 5.22 1.99e+06 47.53 25.84 0.933
21 3 27.90 2.06 2.27e+06 49.07 25.71 0.921 31.10 2.27 2.23e+06 48.53 25.75 0.924 101.50 5.47 2.22e+06 49.27 25.69 0.923
21 4 22.90 1.66 2.72e+06 43.50 26.23 0.935 20.00 1.43 2.70e+06 43.84 26.20 0.934 78.50 4.25 2.68e+06 47.05 25.89 0.926
5 1 38.10 13.32 6.70e+06 130.94 19.52 0.941 46.00 16.26 6.32e+06 118.79 19.93 0.953 202.70 46.45 6.14e+06 112.98 20.15 0.961
5 2 38.90 13.83 7.44e+06 56.19 23.19 0.994 34.20 12.24 7.29e+06 57.20 23.11 0.994 132.70 31.12 7.19e+06 60.67 22.85 0.994
5 3 32.50 11.21 8.48e+06 59.01 22.97 0.993 39.00 13.62 8.20e+06 59.44 22.94 0.994 133.80 30.69 8.10e+06 63.06 22.68 0.994
5 4 29.30 10.07 1.02e+07 51.10 23.60 0.996 25.00 8.61 1.01e+07 52.01 23.52 0.996 117.70 26.97 9.89e+06 61.47 22.80 0.996
27 1 27.90 2.11 1.33e+06 43.19 23.63 0.927 23.00 1.74 1.30e+06 42.08 23.74 0.926 135.30 7.58 1.26e+06 43.26 23.62 0.918
27 2 26.30 1.98 1.53e+06 22.93 26.38 0.969 28.00 2.14 1.50e+06 22.88 26.39 0.967 134.60 7.51 1.48e+06 25.08 25.99 0.963
27 3 28.40 2.17 1.76e+06 23.78 26.22 0.963 24.00 1.83 1.74e+06 24.06 26.17 0.961 115.10 6.50 1.72e+06 26.22 25.79 0.955
27 4 26.60 2.02 2.22e+06 21.43 26.68 0.961 24.10 1.84 2.18e+06 23.19 26.33 0.954 74.40 4.18 2.17e+06 24.73 26.05 0.949
13 1 28.70 2.14 1.28e+06 70.00 21.40 0.918 36.50 2.70 1.22e+06 67.49 21.56 0.921 180.30 10.04 1.21e+06 68.15 21.51 0.920
13 2 27.60 2.03 1.49e+06 32.70 24.70 0.967 31.50 2.33 1.46e+06 32.78 24.69 0.967 128.30 6.99 1.44e+06 34.57 24.46 0.966
13 3 26.00 1.93 1.74e+06 33.92 24.54 0.961 33.60 2.52 1.69e+06 34.40 24.48 0.957 129.90 7.14 1.67e+06 36.57 24.22 0.953
13 4 18.20 1.33 2.20e+06 29.16 25.20 0.956 27.40 2.04 2.14e+06 32.75 24.70 0.942 100.10 5.52 2.12e+06 35.66 24.33 0.935



