28 1 32.100000 3.618875 2.394933e+06 42.748700 25.056487 0.934646 23.000000 2.554520 2.361582e+06 41.561126 25.175285 0.934208 117.300000 9.018998 2.312246e+06 41.058886 25.228088 0.926616
28 2 27.700000 3.218125 2.723946e+06 25.435313 27.311824 0.969389 29.000000 3.384813 2.651587e+06 25.083930 27.368209 0.966244 71.700000 5.586065 2.654778e+06 24.996096 27.383443 0.966886
28 3 28.900000 3.710971 3.075105e+06 26.292490 27.164258 0.963756 29.700000 3.751216 3.024388e+06 26.508877 27.128257 0.957585 71.100000 6.296063 3.027797e+06 26.336877 27.156535 0.958761
28 4 24.800000 2.968977 3.785658e+06 24.697872 27.441297 0.957537 42.400000 5.035077 3.709793e+06 29.895375 26.606126 0.935973 56.500000 4.549567 3.734482e+06 26.428944 27.142032 0.948341
19 1 37.300000 0.788455 5.088638e+05 202.958971 19.344334 0.705113 51.400000 1.101775 4.760458e+05 182.798884 19.791034 0.716461 286.700000 4.533889 4.613144e+05 176.738119 19.937466 0.724233
19 2 37.800000 0.800279 5.667027e+05 89.209680 22.916654 0.838634 58.000000 1.227977 5.322642e+05 86.399755 23.045658 0.835493 205.100000 3.206233 5.325797e+05 86.204377 23.055820 0.835767
19 3 39.400000 0.858331 6.250853e+05 91.571922 22.806296 0.833057 61.100000 1.318551 5.882331e+05 90.233811 22.857117 0.824842 170.400000 2.750798 5.911757e+05 88.090115 22.961578 0.827760
19 4 36.000000 0.779086 7.311128e+05 82.458501 23.249825 0.842198 21.900000 0.456900 7.279332e+05 80.724461 23.340730 0.845063 138.400000 2.252016 7.008368e+05 89.448177 22.895652 0.823258
21 1 27.600000 1.991855 1.780135e+06 75.755525 23.821080 0.824460 26.000000 1.857862 1.761632e+06 74.487342 23.893656 0.829259 79.300000 4.029969 1.749655e+06 73.761304 23.936197 0.832153
21 2 23.400000 1.710883 2.115911e+06 50.479575 25.593703 0.918472 31.000000 2.272186 2.000960e+06 47.229750 25.872329 0.932180 97.000000 5.218238 1.993106e+06 47.532556 25.844582 0.932684
21 3 27.900000 2.056784 2.265500e+06 49.065514 25.707307 0.920991 31.100000 2.268723 2.231434e+06 48.528949 25.754475 0.924060 101.500000 5.469012 2.221084e+06 49.272791 25.688436 0.922628
21 4 22.900000 1.658238 2.717713e+06 43.498644 26.230820 0.935021 20.000000 1.432872 2.700201e+06 43.836350 26.196146 0.933975 78.500000 4.247376 2.675552e+06 47.049485 25.889182 0.925655
5 1 38.100000 13.323958 6.704297e+06 130.935936 19.522853 0.941351 46.000000 16.263424 6.318938e+06 118.790370 19.934141 0.953229 202.700000 46.450288 6.137865e+06 112.978689 20.152032 0.961458
5 2 38.900000 13.833941 7.442014e+06 56.186992 23.185648 0.993906 34.200000 12.237361 7.290211e+06 57.197364 23.108195 0.994270 132.700000 31.120966 7.189147e+06 60.673899 22.851937 0.994269
5 3 32.500000 11.213470 8.478415e+06 59.013718 22.973283 0.993014 39.000000 13.618602 8.195426e+06 59.436006 22.941460 0.993964 133.800000 30.692166 8.098702e+06 63.059945 22.684438 0.993995
5 4 29.300000 10.065060 1.015325e+07 51.102982 23.602134 0.996407 25.000000 8.612231 1.008554e+07 52.012254 23.520899 0.996357 117.700000 26.968164 9.886258e+06 61.466410 22.795786 0.995920
27 1 27.900000 2.110927 1.329480e+06 43.188753 23.627543 0.927479 23.000000 1.742628 1.296881e+06 42.082549 23.739054 0.925698 135.300000 7.581550 1.264198e+06 43.262404 23.618970 0.918014
27 2 26.300000 1.982877 1.533783e+06 22.925978 26.377498 0.969265 28.000000 2.136044 1.503732e+06 22.881616 26.385210 0.967388 134.600000 7.509678 1.480545e+06 25.078345 25.987102 0.962733
27 3 28.400000 2.172697 1.755952e+06 23.779215 26.218305 0.963173 24.000000 1.832801 1.739294e+06 24.061472 26.166875 0.961106 115.100000 6.495419 1.717147e+06 26.216267 25.794440 0.954652
27 4 26.600000 2.024414 2.216853e+06 21.431205 26.680928 0.961115 24.100000 1.837745 2.184610e+06 23.192909 26.326528 0.953922 74.400000 4.184055 2.173027e+06 24.728053 26.048327 0.949468
13 1 28.700000 2.141002 1.282079e+06 70.000711 21.399097 0.918065 36.500000 2.700936 1.224582e+06 67.491993 21.555987 0.920542 180.300000 10.038492 1.206742e+06 68.151885 21.513735 0.920248
13 2 27.600000 2.032697 1.492507e+06 32.698850 24.703768 0.967217 31.500000 2.330880 1.456324e+06 32.777275 24.692789 0.967167 128.300000 6.990230 1.440138e+06 34.572463 24.461612 0.965973
13 3 26.000000 1.933949 1.738377e+06 33.920596 24.544421 0.960720 33.600000 2.515318 1.690484e+06 34.401941 24.482695 0.956958 129.900000 7.139546 1.673991e+06 36.570779 24.217594 0.952983
13 4 18.200000 1.325086 2.204766e+06 29.163142 25.200682 0.956337 27.400000 2.037658 2.138378e+06 32.748095 24.696700 0.942300 100.100000 5.516866 2.122520e+06 35.662829 24.326715 0.935472




info: iter_info time_info obj_info mse_info snr_info ssim_info, 

 1 15 62.50 || 1 15 62.50 || 1 0 0.00 || 1 11 45.83 || 1 11 45.83 || 1 15 62.50 ||
 2 9 37.50 || 2 9 37.50 || 2 5 20.83 || 2 6 25.00 || 2 6 25.00 || 2 4 16.67 ||
 3 0 0.00 || 3 0 0.00 || 3 19 79.17 || 3 7 29.17 || 3 7 29.17 || 3 5 20.83 ||
